I  001000  00000 10000 0001001000110100
R  000000  00000 10000 10000 10000 000000
R  000000  10000 00101 10000 00000 100000
R  000000  01010 10011 01001 00000 101010
IB 000100  01001 00000 0000000000000011
R  000000  01001 10111 10001 00000 000100
R  000000  11001 00111 10101 00000 100101
J  000010  00000100000000000000000011
R  000000  01101 00110 10010 00000 100010

addi $s0, $0, 0x1234
sll $s0, $s0, 16
add 3,1,2
add $s0 ,$s0, $a1
beq $t1, $0, lable_for_line_9
sllv $s1, $s7, $t1
or rs, rt ,rd 
~~~~~~~~~~~~~~~~~~~~~~~~~~~~~~~~~~~~~~~~~~~~~~~~~
0010 0000 0001 0000 0001 0010 0011 0100
0000 0000 0001 0000 1000 0100 0000 0000
0000 0010 0000 0101 1000 0000 0010 0000
0000 0001 0101 0011 0100 1000 0010 1010
0001 0001 0010 0000 0000 0000 0000 0011
0000 0001 0011 0111 1000 1000 0000 0100
0000 0011 0010 0111 1010 1000 0010 0101
0000 1000 0001 0000 0000 0000 0000 0011
0000 0001 1010 0110 1001 0000 0010 0010